
Problem ID: 0
Average reward: 0.037049999999999986 
Q-table:
[[ 2.65724070e-02  3.32656698e-02  2.73300748e-02  2.80874149e-02]
 [ 2.74003655e-02  2.85637670e-02  3.39528479e-02  2.75917565e-02]
 [ 2.71905423e-02  2.93024831e-02  3.56140912e-02  3.00929734e-02]
 [ 3.03856758e-02  3.09298041e-02  3.60837936e-02  3.18407853e-02]
 [ 3.64939292e-02  1.65681567e-02 -2.20482952e-03  2.04446446e-02]
 [ 0.00000000e+00  0.00000000e+00  0.00000000e+00  0.00000000e+00]
 [-1.08819348e-02  2.05235642e-02  4.97772392e-02  3.76887915e-02]
 [ 4.99659672e-02  4.57654468e-02  4.49357385e-02  4.47301715e-02]
 [ 2.52032536e-02  2.58364839e-02  2.86260533e-02  3.26735010e-02]
 [ 2.64552343e-02  2.77355898e-02  2.62196855e-02  3.34144820e-02]
 [ 2.78600254e-02  2.53700310e-02  2.71977400e-02  3.53689536e-02]
 [-1.96658660e-03 -1.09488237e-02  1.59159408e-02  3.62402204e-02]
 [ 3.27900443e-02  3.30398854e-02  3.67473172e-02  3.51290793e-02]
 [ 1.07595675e-03  4.30846967e-02  2.20936156e-02 -8.31460566e-03]
 [ 4.80567778e-02  4.59259010e-02  5.03119134e-02  4.42638458e-02]
 [ 5.04933166e-02  5.05138033e-02  5.05542845e-02  4.62840873e-02]
 [ 2.75783906e-02  1.79368075e-02  1.59206513e-02  1.68635969e-02]
 [ 2.29496049e-02  1.47102593e-02  1.48274182e-02  1.29568328e-02]
 [ 2.14322654e-02 -2.93516425e-02 -5.37682862e-03  3.43381734e-03]
 [ 0.00000000e+00  0.00000000e+00  0.00000000e+00  0.00000000e+00]
 [ 9.81014722e-03  3.16396923e-03  3.05278221e-02 -1.09728946e-03]
 [-5.56195741e-03  1.49619509e-02  2.44623563e-02  4.10397334e-02]
 [ 5.02188665e-02  4.86219145e-02  5.14889539e-02  4.38869134e-02]
 [ 5.15945787e-02  4.58634788e-02  5.18033253e-02  5.16451743e-02]
 [ 2.45815401e-02  1.44733995e-02  1.53757348e-02  1.49974224e-02]
 [ 3.83526777e-03 -9.45601705e-04 -8.35111345e-04  1.92369149e-02]
 [-2.40416795e-03 -1.27720848e-02 -4.67891222e-03  8.48207384e-03]
 [-4.43433245e-02 -8.31407100e-03 -4.01257662e-02 -2.26875779e-02]
 [ 2.21864584e-02 -2.02263654e-02  4.18598325e-04 -1.82143732e-02]
 [ 0.00000000e+00  0.00000000e+00  0.00000000e+00  0.00000000e+00]
 [ 4.80140179e-02  4.84629974e-02  5.24484791e-02  3.75722947e-02]
 [ 5.31703115e-02  5.30807330e-02  5.30936027e-02  5.30890671e-02]
 [ 1.94132353e-02  8.38107248e-03  1.12464274e-02  4.15617194e-03]
 [-1.72680289e-02 -2.36705302e-02 -2.70126725e-02  1.09365635e-02]
 [-1.90432817e-02 -3.95563730e-02 -3.92807991e-02 -3.46249568e-02]
 [ 0.00000000e+00  0.00000000e+00  0.00000000e+00  0.00000000e+00]
 [-7.43574887e-03 -2.33675611e-02  3.38127073e-02  1.62925628e-02]
 [ 3.17573632e-02  4.86131282e-02  2.46148161e-02  2.40223241e-02]
 [ 1.49179420e-02  2.77293908e-02  2.63570823e-02  5.11183178e-02]
 [ 4.82616858e-02  4.68195813e-02  4.57953077e-02  5.36467081e-02]
 [ 1.73406382e-02 -6.34783478e-04 -1.43911003e-03 -2.82721996e-02]
 [ 0.00000000e+00  0.00000000e+00  0.00000000e+00  0.00000000e+00]
 [ 0.00000000e+00  0.00000000e+00  0.00000000e+00  0.00000000e+00]
 [-4.97644123e-02 -3.16233048e-02 -3.25997188e-02 -5.22334939e-02]
 [-3.07477598e-02 -4.62417554e-03  2.95727688e-02  9.37775634e-03]
 [ 6.62375742e-02  3.58917303e-02  3.67454721e-02  2.80670363e-03]
 [ 0.00000000e+00  0.00000000e+00  0.00000000e+00  0.00000000e+00]
 [-6.00000000e-03 -1.53289014e-02  8.55879978e-03 -2.64858537e-03]
 [ 1.60841934e-02 -8.05604983e-03 -3.15428774e-02 -5.71666424e-03]
 [ 0.00000000e+00  0.00000000e+00  0.00000000e+00  0.00000000e+00]
 [-4.90216327e-02 -4.71616411e-02 -5.17118059e-02 -5.34402136e-02]
 [-5.18626434e-02 -5.32224572e-02 -5.03156902e-02 -3.40927055e-02]
 [ 0.00000000e+00  0.00000000e+00  0.00000000e+00  0.00000000e+00]
 [ 6.94355746e-02  4.47561521e-02  2.74481320e-01 -1.27969819e-02]
 [ 0.00000000e+00  0.00000000e+00  0.00000000e+00  0.00000000e+00]
 [-4.19763862e-02 -3.90040830e-02 -2.67696960e-02 -3.83476530e-02]
 [ 1.55344131e-02  6.68592278e-03  5.74899616e-03  4.97410643e-03]
 [-2.57448566e-02 -8.30993449e-04 -2.67742855e-02 -2.57273510e-02]
 [-2.90358110e-02 -4.01681344e-02 -3.91720340e-02 -4.05992726e-02]
 [ 0.00000000e+00  0.00000000e+00  0.00000000e+00  0.00000000e+00]
 [ 0.00000000e+00  0.00000000e+00  0.00000000e+00  0.00000000e+00]
 [ 6.18944837e-01  2.25157707e-01  3.05882136e-01  3.43833100e-01]
 [ 2.69653868e-01  0.00000000e+00  0.00000000e+00  0.00000000e+00]
 [ 0.00000000e+00  0.00000000e+00  0.00000000e+00  0.00000000e+00]]